
Minuit did successfully converge.
# of function calls: 1415
minimum function Value: 3203.727479025
minimum edm: 0.05895793392879
minimum internal state vector: LAVector parameters:
      1.568836366938
      1.625624774101
     -1.545376956073
     0.2599510046142
  -0.007218229998914
     0.3579567980465
    -0.6619462778704
     0.1319074831942
     0.3720536013684
      1.495400674467
    0.08021060983142
     0.5252094163726

minimum internal covariance matrix: LASymMatrix parameters:
    0.066883659   0.0028189003 -0.00036474548   1.232085e-05  7.4959697e-06 -1.0842933e-06  1.2704396e-05   -6.38111e-06 -5.8210869e-05  -0.0002296736  8.4713896e-07  8.4068704e-06
   0.0028189003     0.58122173    0.025428329  -0.0040946413   0.0021604646 -0.00012105672 -0.00072928594 -0.00013128136   -0.013205778     0.01324931 -5.8069111e-05 -2.6189161e-05
 -0.00036474548    0.025428329    0.041091454  0.00051551476 -0.00011691056 -2.6311168e-05  7.5653549e-05 -0.00021141859 -0.00051869459  0.00049893733  0.00012767216 -4.9099617e-06
   1.232085e-05  -0.0040946413  0.00051551476  0.00015682877  2.3107845e-05  5.2126223e-07 -3.4149379e-06  1.5989363e-06   7.037857e-05  4.5467326e-05 -7.4920862e-06 -2.0153434e-06
  7.4959697e-06   0.0021604646 -0.00011691056  2.3107845e-05  9.8032383e-05 -2.4223233e-05 -1.1565513e-05  2.0225923e-06 -2.5342263e-05 -3.1582668e-05  4.4304305e-07 -1.6119892e-06
 -1.0842933e-06 -0.00012105672 -2.6311168e-05  5.2126223e-07 -2.4223233e-05  2.0377992e-05 -5.7988984e-06 -7.3063631e-06 -4.5341059e-06 -5.6196329e-05 -6.5630611e-07  6.4658166e-06
  1.2704396e-05 -0.00072928594  7.5653549e-05 -3.4149379e-06 -1.1565513e-05 -5.7988984e-06  8.8000448e-06 -2.1602541e-06  1.1733151e-05  2.8935952e-05 -4.9748574e-07  1.0148103e-06
   -6.38111e-06 -0.00013128136 -0.00021141859  1.5989363e-06  2.0225923e-06 -7.3063631e-06 -2.1602541e-06  3.6236521e-05  -3.404427e-06  6.6411569e-05  4.5929244e-06 -2.7598849e-05
 -5.8210869e-05   -0.013205778 -0.00051869459   7.037857e-05 -2.5342263e-05 -4.5341059e-06  1.1733151e-05  -3.404427e-06  0.00034540407 -0.00030461701  6.8054225e-07  6.0069837e-06
  -0.0002296736     0.01324931  0.00049893733  4.5467326e-05 -3.1582668e-05 -5.6196329e-05  2.8935952e-05  6.6411569e-05 -0.00030461701   0.0089236132 -0.00020538041 -5.5175505e-05
  8.4713896e-07 -5.8069111e-05  0.00012767216 -7.4920862e-06  4.4304305e-07 -6.5630611e-07 -4.9748574e-07  4.5929244e-06  6.8054225e-07 -0.00020538041  7.8828032e-06 -4.6368973e-06
  8.4068704e-06 -2.6189161e-05 -4.9099617e-06 -2.0153434e-06 -1.6119892e-06  6.4658166e-06  1.0148103e-06 -2.7598849e-05  6.0069837e-06 -5.5175505e-05 -4.6368973e-06  2.3570901e-05


# ext. ||   Name    ||   type  ||     Value     ||  Error +/- 

   0   ||    "t_1s" || limited ||      2.499999423784 ||0.009976736466119
   1   ||    "t_1v" || limited ||      2.649586756726 ||0.07600698087529
   2   ||    "t_2s" || limited ||      2.010079148428 ||0.005014869297229
   3   ||    "t_2v" || limited ||      2.522794091687 ||0.006958689085618
   4   ||    "f_Om" || limited ||    -0.2604497163246 ||0.007475036573127
   5   ||    "f_Ph" || limited ||    -0.3213157507331 ||0.002156305722553
   6   ||   "f_Om1" || limited ||     0.2753327784579 ||0.001064679012617
   7   ||   "f_Ph1" || limited ||   -0.08118984420511 ||0.0006265715148119
   8   ||    "f_Rh" || limited ||     -0.152300029312 ||0.004414691415188
   9   ||  "f_Om_T" || limited ||       1.69772727516 ||0.005683933887475
  10   ||  "f_Ph_T" || limited ||    -0.7764934426884 ||0.002392805053669
  11   || "f_Om1_T" || limited ||     0.1253485516708 ||0.00105015261748




